1
5
3
2
2
2
4
6
6
8
8
8
3
18
18
3
3
4
3
5
5
4
5
10
15
22
18
15
16
18
18
18
18
18
18
7
7
7
7
7
7
16
7
7
16
16
16
16
16
16
6
6
6
8
7
8
19
19
19
19
19
19
19
19
19
20
22
22
19
22
22
20
22
21
21
21
21
8
21
21
21
21
22
22
22
22
22
19
20
20
20
20
20
20
16
8
22
22
9
9
9
9
10
10
10
12
11
12
12
12
12
12
9
12
12
17
16
13
13
13
18
13
11
10
11
13
13
11
11
11
14
14
14
14
13
14
14
5
15
15
15
18
17
17
17
17
17
17
17
17
17
3
4
4
13
5
5
5
5
4
18
18
4
19
19
19
12
12
12
20
21
14
10
10
11
11
14
12
19
19
1
5
3
2
2
2
4
6
6
8
8
8
3
18
18
3
3
4
3
5
5
4
5
10
15
22
18
15
16
18
18
18
18
18
18
7
7
7
7
7
7
16
7
7
16
16
16
16
16
16
6
6
6
8
7
8
19
19
19
19
19
19
19
19
19
20
22
22
19
22
22
20
22
21
21
21
21
8
21
21
21
21
22
22
22
22
22
19
20
20
20
20
20
20
16
8
22
22
9
9
9
9
10
10
10
12
11
12
12
12
12
12
9
12
12
17
16
13
13
13
18
13
11
10
11
13
13
11
11
11
14
14
14
14
13
14
14
5
15
15
15
18
17
17
17
17
17
17
17
17
17
3
4
4
13
5
5
5
5
4
18
18
4
19
19
19
12
12
12
20
21
14
10
10
11
11
14
12
19
19
